kinematics:
  shoulder:
    x: 0
    y: 0
    z: 0.15181410285288108
    roll: -0
    pitch: 0
    yaw: -8.0721018990564928e-08
  upper_arm:
    x: -0.00010629793383754959
    y: 0
    z: 0
    roll: 1.5680648047910233
    pitch: 0
    yaw: -9.4972913098345674e-06
  forearm:
    x: -0.24380743953624415
    y: 0
    z: 0
    roll: 0.0053867172698287948
    pitch: 0.0015018492496226971
    yaw: -5.3497751509018521e-07
  wrist_1:
    x: -0.21341855026984935
    y: -0.00096877988351474825
    z: 0.13108844641447798
    roll: 0.0073901421030496293
    pitch: -0.0012331191583650511
    yaw: -3.4173433249305681e-06
  wrist_2:
    x: 1.3985380022952469e-05
    y: -0.085342477639011649
    z: 5.4333051568240265e-06
    roll: 1.5707326620724771
    pitch: 0
    yaw: 1.9883889080613008e-05
  wrist_3:
    x: -0.00013885004579106022
    y: 0.092172581123576028
    z: -0.0001064071462277674
    roll: 1.5696418934736149
    pitch: 3.1415926535897931
    yaw: 3.1415924791350971
  hash: calib_8999255340950484458